0.03,0.22,0.00,4096,0
